      0/29        0G    0.1076   0.02714         0    0.1348         1       640         0         0         0         0     0.107   0.02364         0
      1/29        0G   0.08133   0.02494         0    0.1063         0       640 0.0005556    0.1667 9.735e-05 9.735e-06    0.1059   0.02342         0
      2/29        0G   0.08164    0.0233         0    0.1049         0       640         0         0         0         0    0.1046   0.02318         0
      3/29        0G    0.1064   0.02696         0    0.1333         1       640 0.0005556    0.1667 0.0001009 1.009e-05    0.1034   0.02294         0
      4/29        0G    0.1056   0.02531         0    0.1309         1       640         0         0         0         0    0.1024   0.02271         0
      5/29        0G    0.1014   0.02605         0    0.1274         3       640  0.001111    0.3333  0.000399 6.032e-05    0.1016   0.02247         0
      6/29        0G    0.1098   0.02551         0    0.1353         1       640  0.001111    0.3333 0.0003877 3.877e-05    0.1009   0.02224         0
      7/29        0G   0.07709   0.02149         0   0.09857         0       640  0.001111    0.3333 0.0003848 6.775e-05    0.1001   0.02204         0
      8/29        0G    0.1042   0.02506         0    0.1293         1       640 0.0005556    0.1667 9.568e-05 1.914e-05   0.09936   0.02186         0
      9/29        0G    0.1065   0.02649         0     0.133         4       640 0.0005556    0.1667 0.0001051 2.101e-05   0.09887   0.02165         0
     10/29        0G   0.09564   0.02309         0    0.1187         1       640 0.0005556    0.1667 0.0001026 2.051e-05   0.09849   0.02145         0
     11/29        0G   0.09326   0.02393         0    0.1172         1       640 0.0005556    0.1667  0.000102 4.079e-05   0.09791   0.02129         0
     12/29        0G   0.08017   0.02008         0    0.1003         0       640 0.0005556    0.1667  0.000101 3.031e-05   0.09737   0.02113         0
     13/29        0G   0.09301    0.0228         0    0.1158         1       640 0.0005556    0.1667 0.0001008 2.016e-05   0.09666     0.021         0
     14/29        0G    0.1039   0.02371         0    0.1276         1       640 0.0005556    0.1667    0.0001 2.001e-05     0.096   0.02087         0
     15/29        0G    0.1054   0.02402         0    0.1295         4       640 0.0005556    0.1667 0.0001005  2.01e-05   0.09523   0.02076         0
     16/29        0G    0.1038   0.02197         0    0.1258         1       640 0.0005556    0.1667 0.0001023 2.047e-05   0.09473   0.02061         0
