      0/99        0G    0.1083   0.07459   0.02764    0.2105       108       640  0.002644     0.162   0.00109 0.0001714    0.1004   0.05184   0.02677
      1/99        0G    0.1052   0.09423   0.02728    0.2267       125       640  0.002356    0.1444   0.00101 0.0001471   0.09747    0.0533   0.02622
      2/99        0G    0.1022   0.07528   0.02667    0.2041       107       640  0.002184    0.1338 0.0009025 0.0001403   0.09538   0.05422   0.02565
      3/99        0G    0.1013   0.08519    0.0263    0.2128        59       640  0.002069    0.1268 0.0007333 0.0001168     0.094   0.05485   0.02507
      4/99        0G    0.1003   0.08766   0.02571    0.2136        58       640  0.002241    0.1373  0.000745 0.0001095   0.09314   0.05523   0.02455
      5/99        0G   0.09613   0.09374   0.02498    0.2149        98       640  0.002241    0.1373 0.0008232 0.0001214   0.09233   0.05567   0.02403
      6/99        0G   0.09766   0.08126   0.02487    0.2038        91       640  0.002299    0.1408 0.0008457 0.0001331   0.09152   0.05611   0.02358
      7/99        0G   0.09623   0.08775   0.02421    0.2082        96       640  0.002241    0.1373 0.0007625 0.0001251   0.09091   0.05644   0.02316
      8/99        0G   0.09553   0.09165   0.02379     0.211        82       640  0.002241    0.1373 0.0007549 0.0001193   0.09022   0.05691   0.02277
      9/99        0G   0.09455   0.09369   0.02367    0.2119        92       640  0.002299    0.1408 0.0007785  0.000121   0.08972   0.05727   0.02239
     10/99        0G   0.09502    0.0905   0.02304    0.2086        90       640  0.002241    0.1373 0.0007349 0.0001188   0.08923   0.05763   0.02202
     11/99        0G   0.09209   0.08048   0.02252    0.1951        56       640  0.002241    0.1373 0.0007722 0.0001192   0.08864   0.05805   0.02166
     12/99        0G     0.093   0.08757   0.02324    0.2038       100       640  0.002184    0.1338 0.0007211 0.0001153   0.08841    0.0582   0.02136
     13/99        0G   0.09357     0.101   0.02199    0.2166        61       640  0.002414    0.1479 0.0009499 0.0001365   0.08867   0.05805   0.02106
     14/99        0G    0.0931   0.08568   0.02196    0.2008        63       640  0.002414    0.1479 0.0008832 0.0001277    0.0885   0.05819   0.02077
     15/99        0G   0.09102    0.1027   0.02298    0.2167       110       640  0.002414    0.1479 0.0009061  0.000125   0.08844   0.05827   0.02055
     16/99        0G   0.08951   0.08856   0.02259    0.2007        69       640  0.002356    0.1444 0.0009425 0.0001347   0.08826   0.05842   0.02038
     17/99        0G   0.09325   0.08601   0.02219    0.2014       110       640  0.002184    0.1338 0.0007757 0.0001133   0.08814   0.05851   0.02017
     18/99        0G   0.08813    0.1003   0.02122    0.2097        88       640  0.002241    0.1373 0.0006806  0.000102   0.08828   0.05843   0.01997
     19/99        0G   0.09385   0.08535   0.02149    0.2007        44       640  0.002184    0.1338 0.0007509 0.0001107    0.0883   0.05848   0.01975
     20/99        0G   0.09111   0.09409   0.02076     0.206        98       640  0.002085    0.1268 0.0008692 0.0001394   0.08836   0.05843   0.01954
     21/99        0G    0.0913   0.09774   0.02019    0.2092        85       640  0.002074    0.1268 0.0007451 0.0001165   0.08891   0.05807   0.01931
     22/99        0G   0.09337   0.09939   0.02066    0.2134       141       640   0.00243    0.1479 0.0008199 0.0001381   0.09195   0.05569   0.01917
     23/99        0G   0.09067   0.09438   0.02016    0.2052        61       640  0.006862   0.01761  0.001067 0.0001907   0.09452   0.05384   0.01927
     24/99        0G   0.09239   0.09536   0.02073    0.2085       126       640   0.00815   0.03556   0.00083 0.0001086   0.09607   0.05293   0.01916
     25/99        0G   0.08975   0.07972   0.01978    0.1893        75       640  0.001921    0.1127 0.0005607 8.313e-05   0.09113   0.05636   0.01875
     26/99        0G   0.09057   0.09838   0.02036    0.2093        72       640  0.006578   0.01056 0.0009333 0.0001242    0.0905     0.057   0.01864
     27/99        0G    0.0915   0.09779   0.01907    0.2084        82       640  0.002981   0.08803 0.0007556 0.0001272   0.09126   0.05639   0.01848
     28/99        0G   0.09378   0.09308   0.01978    0.2066        63       640  0.002547    0.1092   0.00076 0.0001349   0.09291   0.05509   0.01858
     29/99        0G   0.09123   0.09126   0.01925    0.2017        76       640  0.003977   0.01408  0.001002 0.0001636   0.09067   0.05695   0.01826
     30/99        0G   0.08946   0.09214   0.01941     0.201        63       640  0.002795    0.1479  0.001021 0.0001829   0.08966   0.05771   0.01812
     31/99        0G   0.09138    0.0939   0.01862    0.2039        90       640    0.0025    0.1338 0.0008332 0.0001287   0.09054   0.05695   0.01793
     32/99        0G   0.08919   0.08296   0.02037    0.1925        53       640  0.004516   0.01056  0.001134 0.0001754   0.09155     0.056   0.01792
     33/99        0G    0.0917   0.09165   0.01962     0.203        37       640  0.002501    0.1444 0.0009213 0.0001476    0.0906   0.05684   0.01753
     34/99        0G    0.0899   0.09526     0.019    0.2042        74       640  0.002504    0.1408 0.0008596 0.0001262   0.09067   0.05664   0.01759
     35/99        0G   0.08898   0.08204   0.01866    0.1897        76       640  0.004488   0.02465  0.001248 0.0001748   0.09083   0.05634   0.01755
     36/99        0G   0.09236   0.08874   0.01875    0.1999        98       640  0.003572   0.01408  0.001078 0.0001559   0.08959   0.05746   0.01729
     37/99        0G   0.08758   0.09113   0.01967    0.1984        58       640  0.004545   0.01761   0.00115  0.000201   0.08995   0.05732   0.01722
     38/99        0G   0.08814   0.09237   0.01834    0.1988        45       640  0.002507    0.1479 0.0009088 0.0001713   0.09054   0.05687   0.01716
     39/99        0G   0.09169   0.09019   0.01816       0.2        67       640  0.006626   0.01056  0.001422 0.0001956   0.09108   0.05608    0.0174
     40/99        0G   0.09174   0.08901   0.01903    0.1998        69       640  0.004873   0.02817  0.001269 0.0002132   0.09295    0.0545   0.01766
     41/99        0G   0.08576   0.09915    0.0181     0.203        79       640  0.002864   0.03521  0.000975  0.000144   0.09531   0.05279   0.01786
     42/99        0G    0.0929   0.09696   0.01759    0.2074       105       640  0.002951   0.03169  0.001013 0.0001583   0.09306   0.05454   0.01747
     43/99        0G   0.09082   0.08849   0.01766     0.197        52       640  0.003551   0.03521  0.000819 0.0001331    0.1037   0.04733   0.02003
     44/99        0G   0.09251   0.09103   0.01833    0.2019        76       640  0.002401   0.09859 0.0007207 9.622e-05    0.1009   0.04891   0.01921
     45/99        0G   0.09052   0.08795   0.01843    0.1969        78       640  0.003127   0.07394 0.0009754  0.000174   0.09622   0.05167   0.01794
     46/99        0G   0.09012   0.08879   0.01834    0.1973        64       640  0.003824    0.1162  0.001478 0.0002465   0.09038   0.05606   0.01644
     47/99        0G   0.08776   0.07967   0.01944    0.1869        83       640  0.003532   0.09507  0.001231 0.0002057   0.08941   0.05708   0.01637
     48/99        0G   0.08958   0.08515   0.01672    0.1914        60       640  0.003964    0.1127  0.001296 0.0002151    0.0894   0.05681    0.0162
     49/99        0G   0.08791   0.07713   0.01897     0.184        42       640  0.005309    0.1373  0.002096 0.0003141   0.08896   0.05691   0.01608
     50/99        0G   0.09297   0.08893   0.01932    0.2012        72       640  0.006223    0.0669  0.002202 0.0003308   0.08891   0.05665   0.01589
     51/99        0G   0.08687    0.0837   0.01922    0.1898        75       640    0.0071   0.08803  0.002466 0.0003554   0.09117   0.05439   0.01618
     52/99        0G   0.08942   0.08118   0.01567    0.1863        72       640  0.006727    0.1268  0.002479 0.0003724   0.09173    0.0535   0.01621
     53/99        0G   0.09003   0.08668   0.01905    0.1958        61       640   0.01348   0.02465  0.002952 0.0005471   0.08972   0.05478    0.0159
     54/99        0G   0.09147   0.08783   0.01774     0.197        72       640    0.5155    0.0493  0.004585 0.0008328   0.09002   0.05455   0.01543
     55/99        0G   0.09398    0.0956   0.01605    0.2056        93       640    0.5108   0.03873  0.002698 0.0004403   0.09255   0.05437   0.01525
     56/99        0G   0.08918   0.09204   0.01747    0.1987        96       640    0.5216   0.02465   0.00418 0.0008824   0.09145   0.05472   0.01496
     57/99        0G   0.09349   0.08985   0.01765     0.201       186       640    0.5179   0.08451  0.006883  0.001337    0.0901   0.05597   0.01504
     58/99        0G   0.08835   0.07896   0.01715    0.1845        80       640   0.03992    0.1412  0.007719   0.00157   0.09005   0.06805   0.01509
     59/99        0G   0.09075    0.0786   0.01661     0.186       122       640   0.05298    0.1236   0.01019  0.002837   0.08673   0.05479   0.01494
     60/99        0G   0.08626   0.07584   0.01607    0.1782        61       640   0.07314    0.1342   0.01202  0.003927   0.08622   0.05664    0.0149
     61/99        0G   0.08619   0.08059   0.01777    0.1845        57       640    0.4852     0.113    0.0298   0.01301   0.08597   0.05718    0.0147
     62/99        0G   0.08812   0.08382   0.01635    0.1883       252       640   0.08664    0.1342   0.01692   0.00481   0.08457   0.05311   0.01462
     63/99        0G   0.08227   0.06712     0.017    0.1664        57       640    0.5465   0.07394   0.01843  0.003852   0.08452   0.05268   0.01455
     64/99        0G   0.08454   0.07206    0.0179    0.1745       100       640    0.6282   0.06679   0.03571  0.006749   0.08351   0.05164   0.01423
     65/99        0G   0.08433   0.07529   0.01724    0.1769        70       640    0.5953   0.07394   0.03437  0.006626   0.08253   0.05083   0.01404
     66/99        0G   0.08529   0.08022   0.01829    0.1838        64       640    0.5756   0.07042   0.03448  0.007788   0.08139   0.05161   0.01407
     67/99        0G   0.08074   0.08218   0.01529    0.1782        64       640    0.5984   0.08803   0.05002   0.01023   0.08039   0.05676   0.01361
     68/99        0G   0.08079    0.0701   0.01639    0.1673        75       640    0.5638    0.1585   0.04845   0.01086   0.07936   0.05894    0.0136
     69/99        0G   0.07889   0.06722    0.0164    0.1625        50       640    0.6178    0.1162   0.06528   0.01274   0.07924   0.06468   0.01339
     70/99        0G   0.08042   0.07674   0.01729    0.1745        94       640    0.5807    0.1338   0.05967   0.01471   0.07849    0.0566    0.0131
     71/99        0G   0.08303   0.08286   0.01493    0.1808       152       640    0.6043   0.08099   0.04939     0.011   0.08119   0.05738   0.01305
     72/99        0G   0.07812   0.06933   0.01819    0.1656        76       640    0.5999   0.09155   0.05094   0.01516   0.07915   0.05246   0.01357
     73/99        0G   0.07996   0.07497   0.01482    0.1697        41       640    0.6526    0.1162   0.07848   0.02277   0.07731   0.04848   0.01317
     74/99        0G   0.07737   0.08196    0.0178    0.1771       190       640    0.5912    0.1585    0.0742    0.0178    0.0795   0.07986   0.01388
     75/99        0G   0.08033   0.07605   0.01448    0.1709        92       640    0.5766     0.169   0.05207   0.01238   0.08109   0.05756   0.01335
     76/99        0G   0.07729   0.07073   0.01715    0.1652        96       640    0.5902    0.1408    0.0502   0.01249   0.08254   0.05776    0.0134
     77/99        0G   0.07559   0.07587   0.01875    0.1702        90       640    0.6496    0.1268   0.08103   0.02285   0.07818   0.04948   0.01345
     78/99        0G   0.07688    0.0732   0.01703    0.1671       109       640    0.6647    0.1262   0.09049   0.02225   0.07685   0.04989   0.01327
     79/99        0G   0.07454   0.08829   0.01621     0.179       189       640     0.617    0.1479   0.07847    0.0213   0.07839   0.05305   0.01327
     80/99        0G   0.07523    0.0821   0.01734    0.1747       109       640    0.6203    0.1232   0.06117    0.0172   0.08032   0.04705   0.01326
     81/99        0G   0.07435   0.06902   0.01647    0.1599        62       640    0.6919    0.1408     0.116   0.03521   0.07366   0.04565   0.01366
     82/99        0G   0.07546   0.06613   0.01479    0.1564        76       640    0.6653     0.162    0.1229   0.03848   0.07257   0.04698    0.0138
     83/99        0G   0.07175   0.06814    0.0191     0.159        67       640    0.6859    0.2007     0.172   0.04544   0.07108   0.04649   0.01364
     84/99        0G   0.07502   0.07608   0.01732    0.1684        48       640    0.7282    0.1725    0.1734   0.05594   0.07024   0.04514   0.01353
     85/99        0G   0.07524   0.07014   0.01523    0.1606        82       640    0.6934    0.2287    0.1778    0.0536   0.06917   0.04495   0.01363
     86/99        0G   0.07301   0.07127    0.0173    0.1616        88       640    0.6803    0.2007    0.1658   0.04877   0.07069   0.04597   0.01361
     87/99        0G   0.07182   0.07005   0.01589    0.1578        68       640    0.7524    0.1056    0.1007    0.0307   0.07784   0.04389   0.01337
     88/99        0G   0.07053   0.07308   0.01923    0.1628        72       640    0.7814    0.1725    0.1873   0.06236   0.06958   0.04621   0.01352
     89/99        0G   0.06838   0.06782   0.01859    0.1548        80       640    0.6772    0.1972     0.154   0.05068   0.07091    0.0457    0.0135
     90/99        0G   0.07201   0.06485   0.01643    0.1533        64       640    0.6943    0.1972    0.1815   0.05476   0.06837   0.04691   0.01396
     91/99        0G    0.0682   0.06202   0.01859    0.1488        54       640      0.74    0.2218    0.2039   0.06162   0.06771   0.04508    0.0137
     92/99        0G     0.072   0.07224   0.01724    0.1615       192       640    0.7773    0.1725    0.1943   0.06362   0.06928   0.04622   0.01352
     93/99        0G   0.07753   0.07444   0.01529    0.1673        44       640    0.7045    0.2217    0.1876   0.06188   0.06766   0.04435    0.0137
     94/99        0G    0.0696   0.06647   0.01649    0.1526        83       640    0.7143    0.2183    0.1979    0.0695   0.06687   0.04275   0.01339
     95/99        0G   0.07188   0.06888   0.01637    0.1571        50       640    0.5765    0.1406    0.0558   0.01599   0.07668    0.0694   0.01413
     96/99        0G   0.07039   0.06757   0.01611    0.1541       102       640    0.6436    0.1617   0.09729   0.02145   0.07759   0.05786   0.01332
     97/99        0G   0.07252   0.07255   0.01725    0.1623       147       640    0.6874     0.243    0.1839    0.0582   0.06974   0.04732   0.01372
     98/99        0G   0.06718   0.06579   0.01943    0.1524        61       640    0.7221    0.2254    0.1919   0.06213   0.06941   0.04504   0.01375
     99/99        0G   0.06934   0.06864   0.01669    0.1547        88       640    0.7894    0.1796     0.184   0.06151   0.06959   0.04481   0.01371
