     0/299        0G    0.1116   0.02471         0    0.1363         6       640         0         0         0         0    0.1068   0.02371         0
     1/299        0G    0.1104   0.02701         0    0.1374        13       640         0         0         0         0     0.106   0.02351         0
     2/299        0G    0.1124   0.02494         0    0.1374        11       640         0         0         0         0     0.105   0.02329         0
     3/299        0G    0.1059   0.02665         0    0.1325        13       640  0.001111    0.3333 0.0003903 4.892e-05     0.104   0.02305         0
     4/299        0G    0.1138   0.02614         0    0.1399        12       640         0         0         0         0    0.1032   0.02279         0
     5/299        0G    0.1077    0.0248         0    0.1325        13       640         0         0         0         0    0.1025   0.02252         0
     6/299        0G    0.1073   0.02347         0    0.1308         9       640         0         0         0         0    0.1017   0.02228         0
     7/299        0G    0.1061    0.0233         0    0.1294         9       640 0.0005556    0.1667 0.0001008 1.008e-05     0.101   0.02205         0
     8/299        0G    0.1018   0.02487         0    0.1267         9       640 0.0005556    0.1667 9.886e-05 3.954e-05    0.1002   0.02185         0
     9/299        0G    0.1062   0.02565         0    0.1319        19       640 0.0005556    0.1667 0.0001063 2.126e-05    0.0995   0.02165         0
    10/299        0G    0.1059   0.02085         0    0.1268         7       640         0         0         0         0   0.09885   0.02145         0
    11/299        0G    0.1058    0.0236         0    0.1294         9       640         0         0         0         0   0.09823   0.02126         0
    12/299        0G    0.1042   0.02446         0    0.1286        13       640 0.0005556    0.1667 9.745e-05 1.949e-05   0.09762   0.02109         0
    13/299        0G    0.1038   0.02189         0    0.1257        12       640 0.0005556    0.1667 0.0001011 4.044e-05   0.09697   0.02093         0
    14/299        0G    0.1019   0.02395         0    0.1258        12       640         0         0         0         0   0.09625    0.0208         0
    15/299        0G    0.1067   0.02161         0    0.1283        11       640 0.0005556    0.1667 9.542e-05 1.908e-05   0.09561   0.02066         0
    16/299        0G     0.104   0.02138         0    0.1254        11       640 0.0005556    0.1667 9.687e-05 3.875e-05   0.09502   0.02052         0
    17/299        0G    0.1016   0.02148         0    0.1231        11       640         0         0         0         0   0.09445   0.02039         0
    18/299        0G    0.1043   0.02122         0    0.1255        11       640         0         0         0         0   0.09413   0.02024         0
    19/299        0G   0.09956   0.02017         0    0.1197         9       640         0         0         0         0   0.09383    0.0201         0
    20/299        0G    0.1004   0.02186         0    0.1223        11       640 0.0005556    0.1667 9.537e-05 9.537e-06   0.09358   0.01996         0
    21/299        0G    0.1063   0.02543         0    0.1317        19       640 0.0005556    0.1667 9.831e-05 3.933e-05    0.0934   0.01982         0
    22/299        0G    0.1041   0.02222         0    0.1263        18       640 0.0005556    0.1667 0.0001004 2.008e-05   0.09318   0.01968         0
    23/299        0G     0.101   0.02236         0    0.1233        16       640 0.0005556    0.1667 0.0001033 4.134e-05   0.09297   0.01956         0
    24/299        0G    0.1047   0.01783         0    0.1225         9       640 0.0005556    0.1667 0.0001017 2.034e-05   0.09267   0.01944         0
    25/299        0G    0.1037   0.01896         0    0.1227        10       640 0.0005556    0.1667 0.0001032 4.129e-05   0.09247   0.01932         0
    26/299        0G    0.1009   0.02113         0     0.122        11       640 0.0005556    0.1667 0.0001029 4.117e-05   0.09237    0.0192         0
    27/299        0G   0.09938   0.02116         0    0.1205        12       640 0.0005556    0.1667 0.0001027 2.055e-05   0.09216   0.01909         0
    28/299        0G    0.1049   0.02182         0    0.1267        16       640 0.0005556    0.1667 0.0001035  2.07e-05   0.09202   0.01898         0
    29/299        0G    0.1006   0.01987         0    0.1205         9       640 0.0005556    0.1667 0.0001029 2.057e-05   0.09198   0.01886         0
    30/299        0G   0.09828   0.01973         0     0.118         9       640 0.0005556    0.1667 0.0001026 2.051e-05   0.09188   0.01875         0
    31/299        0G   0.09698   0.02199         0     0.119        11       640 0.0005556    0.1667  0.000103  2.06e-05    0.0917   0.01866         0
    32/299        0G    0.1011   0.02172         0    0.1229        16       640 0.0005556    0.1667 0.0001051 2.102e-05   0.09161   0.01856         0
    33/299        0G    0.1071   0.01884         0     0.126        12       640 0.0005556    0.1667 0.0001059 2.117e-05   0.09163   0.01845         0
    34/299        0G    0.1001   0.02118         0    0.1212        12       640 0.0005556    0.1667 0.0001059 2.119e-05   0.09159   0.01835         0
    35/299        0G    0.1001   0.02168         0    0.1218        13       640 0.0005556    0.1667 0.0001063 2.126e-05   0.09161   0.01825         0
    36/299        0G   0.09955   0.02142         0     0.121        13       640 0.0005556    0.1667 0.0001068 2.137e-05   0.09155   0.01817         0
    37/299        0G   0.09942   0.01867         0    0.1181        10       640 0.0005556    0.1667  0.000108  2.16e-05   0.09146   0.01809         0
    38/299        0G   0.09762   0.02143         0    0.1191        12       640 0.0005556    0.1667 0.0001093 2.187e-05   0.09134   0.01802         0
    39/299        0G   0.09743   0.02191         0    0.1193        16       640 0.0005556    0.1667 0.0001128 2.255e-05   0.09123   0.01795         0
    40/299        0G    0.0975   0.01903         0    0.1165        10       640 0.0005556    0.1667 0.0001141 1.141e-05   0.09117   0.01787         0
    41/299        0G   0.09899   0.02087         0    0.1199        10       640 0.0005556    0.1667 0.0001155 1.155e-05   0.09116    0.0178         0
    42/299        0G   0.09857   0.01857         0    0.1171        11       640 0.0005556    0.1667  0.000117  1.17e-05   0.09112   0.01772         0
    43/299        0G    0.1019   0.02025         0    0.1221        14       640 0.0005556    0.1667 0.0001202 1.202e-05   0.09105   0.01765         0
    44/299        0G    0.1009   0.02007         0    0.1209        12       640 0.0005556    0.1667 0.0001228 2.457e-05   0.09097   0.01759         0
    45/299        0G   0.09992   0.01986         0    0.1198        11       640 0.0005556    0.1667 0.0001258 2.517e-05   0.09088   0.01752         0
    46/299        0G    0.1026   0.02192         0    0.1245        18       640 0.0005556    0.1667 0.0001224 2.448e-05   0.09085   0.01745         0
    47/299        0G    0.1001   0.01749         0    0.1175        12       640 0.0005556    0.1667 0.0001203 2.406e-05   0.09082   0.01738         0
    48/299        0G    0.1001   0.01706         0    0.1172        10       640 0.0005556    0.1667 0.0001339 2.679e-05   0.09084    0.0173         0
    49/299        0G    0.1001   0.01637         0    0.1165        10       640 0.0005556    0.1667 0.0001627 3.253e-05   0.09076   0.01724         0
    50/299        0G   0.09669   0.01762         0    0.1143         7       640 0.0005556    0.1667 0.0001343 2.687e-05   0.09064   0.01718         0
    51/299        0G    0.1008   0.01839         0    0.1192         8       640 0.0005556    0.1667 0.0001316 2.632e-05   0.09063   0.01711         0
    52/299        0G   0.09503   0.01497         0      0.11         4       640 0.0005556    0.1667 0.0001267 2.533e-05   0.09052   0.01706         0
    53/299        0G   0.09923   0.01979         0     0.119        14       640 0.0005556    0.1667 0.0001243 2.486e-05   0.09046     0.017         0
    54/299        0G   0.09927   0.01768         0     0.117        12       640 0.0005556    0.1667 0.0001212 2.425e-05   0.09044   0.01694         0
    55/299        0G    0.1003   0.01919         0    0.1194        14       640 0.0005556    0.1667 0.0001015 2.029e-05   0.09047   0.01686         0
    56/299        0G   0.09799    0.0206         0    0.1186        14       640 0.0005556    0.1667 0.0001052 2.105e-05   0.09047   0.01679         0
    57/299        0G   0.09672   0.01822         0    0.1149        10       640 0.0005562    0.1667 0.0001249 4.998e-05   0.09041   0.01673         0
    58/299        0G   0.09345   0.02192         0    0.1154        14       640 0.0005556    0.1667  0.000112 4.482e-05   0.09028   0.01671         0
    59/299        0G   0.09576   0.01668         0    0.1124         8       640 0.0005556    0.1667 0.0001455 2.909e-05   0.09021   0.01668         0
    60/299        0G   0.09583   0.01769         0    0.1135         6       640 0.0005556    0.1667 0.0001469 2.939e-05   0.09017   0.01665         0
    61/299        0G   0.09643   0.02113         0    0.1176        15       640 0.0005556    0.1667 0.0001439 2.878e-05   0.09015   0.01661         0
    62/299        0G   0.09855   0.02165         0    0.1202        19       640 0.0005556    0.1667 0.0001211 2.421e-05   0.09012   0.01659         0
    63/299        0G   0.09874    0.0224         0    0.1211        18       640 0.0005556    0.1667 0.0001202 2.405e-05   0.09017   0.01655         0
    64/299        0G   0.09873   0.02115         0    0.1199        15       640 0.0005556    0.1667  0.000121 2.419e-05   0.09024   0.01649         0
    65/299        0G   0.09955   0.01755         0    0.1171        12       640 0.0005556    0.1667 0.0001223 2.446e-05   0.09035   0.01643         0
    66/299        0G    0.1022   0.02032         0    0.1225        15       640 0.0005556    0.1667 0.0001234 2.469e-05   0.09041   0.01638         0
    67/299        0G   0.09489   0.01878         0    0.1137        11       640 0.0005556    0.1667 0.0001255 2.509e-05   0.09043   0.01633         0
    68/299        0G    0.1011   0.01542         0    0.1165        10       640 0.0005556    0.1667 0.0001267 2.533e-05   0.09048   0.01627         0
    69/299        0G   0.09491   0.01778         0    0.1127         9       640 0.0005556    0.1667 0.0001317 1.317e-05   0.09046   0.01623         0
    70/299        0G    0.1021   0.01843         0    0.1205        12       640 0.0005556    0.1667 0.0001328 1.328e-05   0.09063   0.01616         0
    71/299        0G    0.1042   0.01775         0    0.1219        14       640 0.0006618    0.1667 0.0001375 1.375e-05   0.09064   0.01608         0
    72/299        0G    0.1006   0.01844         0     0.119        11       640 0.0005556    0.1667 0.0001458 1.458e-05   0.09085   0.01604         0
    73/299        0G    0.1043   0.01935         0    0.1237        18       640 0.0005556    0.1667 0.0001452 1.452e-05   0.09099   0.01595         0
    74/299        0G    0.1022   0.01705         0    0.1193        12       640 0.0005556    0.1667 0.0001419 1.419e-05   0.09106    0.0159         0
    75/299        0G   0.09975   0.01757         0    0.1173        11       640 0.0005556    0.1667 0.0001418 1.418e-05   0.09103   0.01587         0
    76/299        0G    0.1028     0.017         0    0.1198        11       640 0.0005556    0.1667 0.0001412 1.412e-05   0.09113   0.01585         0
    77/299        0G   0.09734   0.01823         0    0.1156        11       640 0.0005556    0.1667 0.0001406 1.406e-05   0.09117    0.0158         0
    78/299        0G   0.09818   0.01666         0    0.1148        14       640 0.0005556    0.1667 0.0001451 1.451e-05   0.09122   0.01576         0
    79/299        0G   0.09776   0.01717         0    0.1149         9       640 0.0005556    0.1667 0.0001529 1.529e-05   0.09126   0.01572         0
    80/299        0G    0.0997   0.01981         0    0.1195        15       640 0.0005556    0.1667 0.0001543 1.543e-05   0.09128   0.01569         0
    81/299        0G    0.1017   0.01845         0    0.1202        15       640 0.0005556    0.1667 0.0001562 1.562e-05    0.0914   0.01563         0
    82/299        0G   0.09876   0.01746         0    0.1162        12       640 0.0005556    0.1667 0.0001534 1.534e-05   0.09142    0.0156         0
    83/299        0G    0.1032   0.01695         0    0.1201        15       640 0.0005556    0.1667 0.0001586 1.586e-05   0.09143   0.01558         0
    84/299        0G   0.09998    0.0173         0    0.1173        13       640 0.0005556    0.1667 0.0001589 1.589e-05   0.09136   0.01557         0
    85/299        0G   0.09913   0.01978         0    0.1189        14       640 0.0005556    0.1667 0.0001682 1.682e-05   0.09131   0.01556         0
    86/299        0G   0.09746   0.01875         0    0.1162        17       640 0.0005556    0.1667 0.0001569 1.569e-05    0.0912   0.01557         0
    87/299        0G   0.09783   0.02103         0    0.1189        16       640 0.0005556    0.1667 0.0001536 1.536e-05   0.09117   0.01556         0
    88/299        0G    0.1008   0.01711         0    0.1179        14       640 0.0005556    0.1667 0.0001532 1.532e-05   0.09123   0.01553         0
    89/299        0G   0.09797   0.01611         0    0.1141        11       640 0.0005556    0.1667 0.0001532 1.532e-05   0.09125    0.0155         0
    90/299        0G     0.097    0.0177         0    0.1147        13       640 0.0005556    0.1667 0.0001525 1.525e-05   0.09127   0.01548         0
    91/299        0G   0.09662   0.01311         0    0.1097         7       640 0.0005556    0.1667 0.0001581 1.581e-05   0.09126   0.01546         0
    92/299        0G    0.0999   0.01645         0    0.1163         8       640 0.0005556    0.1667 0.0001717 1.717e-05   0.09124   0.01543         0
    93/299        0G    0.1009   0.01957         0    0.1205        17       640 0.0005556    0.1667 0.0001815 1.815e-05   0.09126   0.01541         0
    94/299        0G    0.1021    0.0176         0    0.1197        14       640 0.0005556    0.1667 0.0001949 1.949e-05   0.09128   0.01538         0
    95/299        0G   0.09956   0.02122         0    0.1208        15       640 0.0005556    0.1667 0.0001908 3.816e-05   0.09134   0.01534         0
    96/299        0G   0.09902   0.01935         0    0.1184        15       640 0.0005556    0.1667 0.0002115  4.23e-05   0.09137   0.01532         0
    97/299        0G   0.09841   0.01456         0     0.113         7       640  0.000575    0.1667 0.0001895  3.79e-05   0.09128   0.01531         0
    98/299        0G   0.09912    0.0173         0    0.1164        11       640 0.0005556    0.1667 0.0001918 3.837e-05    0.0913   0.01529         0
    99/299        0G   0.09974   0.01615         0    0.1159        12       640 0.0005556    0.1667 0.0001881 3.761e-05   0.09138   0.01527         0
   100/299        0G   0.09811   0.01803         0    0.1161        13       640 0.0005556    0.1667 0.0001889 3.778e-05    0.0914   0.01526         0
   101/299        0G     0.097    0.0173         0    0.1143        11       640 0.0005556    0.1667 0.0001819 3.638e-05   0.09143   0.01524         0
   102/299        0G   0.09732   0.01686         0    0.1142        10       640 0.0005556    0.1667 0.0001761 3.522e-05    0.0915   0.01521         0
   103/299        0G   0.09872   0.01981         0    0.1185        15       640 0.0005556    0.1667  0.000175 3.501e-05   0.09158   0.01518         0
   104/299        0G   0.09917    0.0194         0    0.1186        17       640 0.0005556    0.1667 0.0001761 3.522e-05   0.09164   0.01515         0
   105/299        0G   0.09669   0.01725         0    0.1139        11       640 0.0005556    0.1667 0.0001779 3.559e-05   0.09158   0.01513         0
   106/299        0G   0.09907   0.01482         0    0.1139         9       640 0.0005556    0.1667 0.0001832 3.665e-05   0.09155   0.01511         0
   107/299        0G    0.1032   0.01485         0    0.1181        13       640  0.001111    0.3333 0.0007009 8.832e-05   0.09165   0.01507         0
   108/299        0G   0.09958   0.01558         0    0.1152         9       640  0.001111    0.3333 0.0007075 8.886e-05   0.09167   0.01506         0
   109/299        0G   0.09797   0.01912         0    0.1171        16       640  0.001111    0.3333 0.0007408 9.305e-05   0.09168   0.01504         0
   110/299        0G    0.1057   0.01436         0    0.1201        12       640  0.001111    0.3333 0.0008188 0.0001028   0.09184   0.01501         0
   111/299        0G    0.1043   0.01577         0    0.1201        12       640  0.001111    0.3333  0.000933 0.0001174   0.09194   0.01497         0
   112/299        0G    0.1007   0.01866         0    0.1193        12       640  0.001111    0.3333 0.0009934 0.0001249   0.09197   0.01495         0
   113/299        0G    0.0992   0.01624         0    0.1154        15       640 0.0005556    0.1667 0.0002698 5.397e-05   0.09192   0.01494         0
   114/299        0G   0.09905   0.01571         0    0.1148         9       640 0.0005556    0.1667 0.0002738 5.475e-05   0.09189   0.01493         0
   115/299        0G   0.09739   0.01684         0    0.1142        10       640 0.0005556    0.1667 0.0002738 5.475e-05   0.09183   0.01493         0
   116/299        0G    0.1002   0.02033         0    0.1205        15       640 0.0005556    0.1667 0.0002729 5.457e-05   0.09186   0.01489         0
   117/299        0G    0.1003   0.01708         0    0.1173        13       640 0.0005556    0.1667 0.0002415 4.829e-05   0.09183   0.01489         0
   118/299        0G   0.09524   0.01845         0    0.1137        12       640 0.0005556    0.1667 0.0002214 4.428e-05   0.09181   0.01488         0
   119/299        0G   0.09765    0.0152         0    0.1129        10       640 0.0005556    0.1667 0.0002139 4.278e-05   0.09179   0.01487         0
   120/299        0G   0.09942   0.01854         0     0.118        15       640 0.0005556    0.1667 0.0002211 4.422e-05   0.09175   0.01486         0
   121/299        0G   0.09654   0.02127         0    0.1178        18       640 0.0005556    0.1667 0.0002249 6.746e-05    0.0917   0.01485         0
   122/299        0G    0.1012   0.01773         0     0.119        14       640 0.0005556    0.1667 0.0002371 4.742e-05   0.09176   0.01483         0
   123/299        0G   0.09937   0.01842         0    0.1178        13       640 0.0005556    0.1667 0.0002332 4.664e-05    0.0918   0.01479         0
   124/299        0G   0.09929   0.01545         0    0.1147         9       640 0.0005556    0.1667 0.0002435 4.871e-05   0.09179   0.01479         0
   125/299        0G    0.1009   0.02028         0    0.1211        18       640 0.0005556    0.1667 0.0002518 5.036e-05   0.09186   0.01476         0
   126/299        0G    0.1012     0.015         0    0.1162        10       640 0.0005556    0.1667 0.0002471 4.941e-05   0.09192   0.01474         0
   127/299        0G   0.09533   0.01782         0    0.1132        10       640 0.0005556    0.1667 0.0002408 4.815e-05   0.09191    0.0147         0
   128/299        0G    0.1006    0.0158         0    0.1164        10       640 0.0005556    0.1667 0.0002231 4.462e-05   0.09199   0.01467         0
   129/299        0G   0.09683   0.01811         0    0.1149         9       640 0.0005556    0.1667 0.0002023 4.045e-05   0.09202   0.01465         0
   130/299        0G   0.09948   0.01579         0    0.1153        10       640 0.0005556    0.1667 0.0001956 3.911e-05    0.0921   0.01463         0
   131/299        0G   0.09977   0.01891         0    0.1187        13       640 0.0005556    0.1667 0.0001834 5.503e-05   0.09221    0.0146         0
   132/299        0G    0.0997   0.01593         0    0.1156         8       640 0.0005556    0.1667 0.0001767   5.3e-05   0.09228   0.01459         0
   133/299        0G    0.1008   0.01488         0    0.1157        10       640 0.0005556    0.1667 0.0001883 5.648e-05    0.0922    0.0146         0
   134/299        0G    0.1004   0.01491         0    0.1153        12       640 0.0005556    0.1667 0.0001969 5.907e-05   0.09221   0.01459         0
   135/299        0G   0.09937   0.01682         0    0.1162        11       640 0.0005556    0.1667  0.000202 6.061e-05    0.0922   0.01458         0
   136/299        0G    0.1024   0.01449         0    0.1169         6       640 0.0005556    0.1667 0.0002042 6.126e-05   0.09223   0.01456         0
   137/299        0G   0.09745   0.01364         0    0.1111         9       640 0.0005556    0.1667 0.0002015 6.046e-05    0.0922   0.01455         0
   138/299        0G    0.1004   0.01662         0     0.117        14       640 0.0005556    0.1667 0.0001927 5.781e-05   0.09212   0.01454         0
   139/299        0G   0.09916   0.01803         0    0.1172        12       640 0.0005556    0.1667  0.000191  5.73e-05   0.09207   0.01454         0
   140/299        0G   0.09924   0.01547         0    0.1147        12       640 0.0005556    0.1667 0.0001923 5.768e-05   0.09194   0.01455         0
   141/299        0G   0.09699   0.01467         0    0.1117         9       640  0.001111    0.3333 0.0007783 0.0001167   0.09184   0.01455         0
   142/299        0G   0.09542   0.01606         0    0.1115        12       640  0.001111    0.3333 0.0008158 0.0001223   0.09173   0.01457         0
   143/299        0G   0.09825   0.01908         0    0.1173        18       640  0.001111    0.3333 0.0008051 0.0001015   0.09167   0.01457         0
   144/299        0G   0.09988    0.0184         0    0.1183        16       640   0.00156    0.3333 0.0007565 9.796e-05   0.09164   0.01457         0
   145/299        0G    0.1009   0.01755         0    0.1185        19       640 0.0005556    0.1667 0.0002267 4.534e-05   0.09152   0.01458         0
   146/299        0G     0.101   0.01756         0    0.1186        16       640 0.0005556    0.1667 0.0002364 4.729e-05   0.09152   0.01457         0
   147/299        0G   0.09658   0.01627         0    0.1129        10       640 0.0005556    0.1667 0.0002579 5.159e-05   0.09147   0.01457         0
   148/299        0G   0.09627   0.01825         0    0.1145        15       640 0.0005556    0.1667 0.0002537 5.074e-05   0.09145   0.01457         0
   149/299        0G   0.09965    0.0166         0    0.1162        12       640 0.0005556    0.1667 0.0002511 5.022e-05   0.09146   0.01456         0
   150/299        0G   0.09833   0.01718         0    0.1155        13       640 0.0005556    0.1667 0.0002503 5.007e-05   0.09143   0.01455         0
   151/299        0G   0.09776   0.01757         0    0.1153        10       640 0.0005556    0.1667 0.0002552 5.105e-05   0.09141   0.01455         0
   152/299        0G   0.09957    0.0211         0    0.1207        18       640 0.0005556    0.1667 0.0002644 5.287e-05   0.09141   0.01454         0
   153/299        0G   0.09862   0.01693         0    0.1156        13       640 0.0005556    0.1667 0.0002686 5.371e-05    0.0914   0.01453         0
   154/299        0G   0.09615   0.01931         0    0.1155        14       640 0.0005556    0.1667  0.000272  5.44e-05    0.0914   0.01453         0
   155/299        0G   0.09708   0.01542         0    0.1125         9       640 0.0005556    0.1667  0.000266  5.32e-05   0.09137   0.01452         0
   156/299        0G   0.09354   0.01659         0    0.1101        10       640 0.0005556    0.1667 0.0002694 5.388e-05   0.09134   0.01452         0
   157/299        0G     0.102   0.01541         0    0.1174         7       640 0.0005556    0.1667 0.0002729 5.457e-05   0.09135   0.01451         0
   158/299        0G   0.09785   0.01638         0    0.1142        11       640 0.0005556    0.1667 0.0002872 5.744e-05   0.09134    0.0145         0
   159/299        0G    0.1025   0.01298         0    0.1155        10       640 0.0005556    0.1667 0.0002902 2.902e-05   0.09136   0.01449         0
   160/299        0G    0.1033   0.01364         0    0.1169        11       640 0.0005556    0.1667 0.0002963 2.963e-05   0.09132   0.01449         0
   161/299        0G   0.09858   0.01586         0    0.1144         9       640 0.0005556    0.1667  0.000318  3.18e-05   0.09126   0.01449         0
   162/299        0G    0.0988   0.02087         0    0.1197        18       640 0.0005556    0.1667 0.0003216 6.432e-05   0.09123   0.01448         0
   163/299        0G   0.09503   0.01577         0    0.1108         9       640 0.0005556    0.1667 0.0003235 6.469e-05   0.09111    0.0145         0
   164/299        0G   0.09745   0.01798         0    0.1154        13       640 0.0005556    0.1667 0.0003291 3.291e-05   0.09112   0.01449         0
   165/299        0G    0.1027   0.01482         0    0.1175        14       640 0.0005556    0.1667 0.0003266 6.532e-05   0.09109   0.01448         0
   166/299        0G    0.1002   0.01482         0    0.1151         8       640 0.0005556    0.1667 0.0003285  6.57e-05   0.09109   0.01448         0
   167/299        0G   0.09825   0.01575         0     0.114        14       640 0.0005556    0.1667 0.0003285  6.57e-05     0.091   0.01448         0
   168/299        0G    0.0991   0.01788         0     0.117        10       640 0.0005556    0.1667 0.0003216 6.432e-05   0.09095   0.01448         0
   169/299        0G   0.09982   0.01627         0    0.1161        11       640 0.0005556    0.1667 0.0003241 6.482e-05    0.0909   0.01448         0
   170/299        0G   0.09854   0.01842         0     0.117        16       640 0.0005556    0.1667 0.0003192 6.384e-05   0.09087   0.01449         0
   171/299        0G   0.09649   0.01241         0    0.1089        10       640 0.0005556    0.1667 0.0003115 6.231e-05   0.09072    0.0145         0
