      0/19        0G    0.1115   0.02538         0    0.1369         9       640   0.00125     0.375 0.0005776 5.776e-05    0.1063   0.02395         0
      1/19        0G     0.112   0.02594         0    0.1379         5       640   0.00125     0.375 0.0005357 7.746e-05    0.1051   0.02377         0
      2/19        0G     0.109   0.02553         0    0.1346         5       640 0.0004167     0.125 8.547e-05 1.709e-05     0.104   0.02355         0
      3/19        0G    0.1181   0.02623         0    0.1443         7       640 0.0008333      0.25 0.0002367 3.977e-05    0.1034   0.02329         0
      4/19        0G    0.1108   0.02664         0    0.1375         8       640 0.0008333      0.25 0.0002343 3.181e-05    0.1028   0.02303         0
      5/19        0G     0.106   0.02732         0    0.1333         4       640 0.0008333      0.25 0.0002514 4.139e-05    0.1021   0.02282         0
      6/19        0G     0.109   0.02523         0    0.1342        10       640 0.0004167     0.125 8.536e-05 1.707e-05    0.1014   0.02262         0
      7/19        0G    0.1064   0.02487         0    0.1313         9       640 0.0008333      0.25 0.0002208 3.038e-05    0.1008   0.02242         0
      8/19        0G    0.1054   0.02289         0    0.1283         4       640   0.00125     0.375 0.0004774 4.774e-05    0.1001   0.02224         0
      9/19        0G    0.1049   0.02405         0     0.129        10       640 0.0004167     0.125 8.201e-05 8.201e-06   0.09948   0.02207         0
     10/19        0G   0.09888   0.02229         0    0.1212         8       640   0.00125     0.375 0.0004982 4.982e-05   0.09914   0.02186         0
     11/19        0G    0.1011     0.024         0    0.1251         7       640   0.00125     0.375 0.0005032 5.032e-05   0.09843   0.02173         0
     12/19        0G    0.1051   0.02349         0    0.1286         8       640   0.00125     0.375 0.0005085   7.4e-05   0.09786   0.02159         0
     13/19        0G    0.1033   0.02688         0    0.1302        10       640   0.00125     0.375 0.0005012 5.012e-05   0.09743   0.02153         0
     14/19        0G    0.1037   0.02573         0    0.1294         8       640   0.00125     0.375 0.0004997 4.997e-05   0.09706   0.02144         0
     15/19        0G     0.102    0.0206         0    0.1226         5       640   0.00125     0.375 0.0005016 5.016e-05   0.09665   0.02135         0
     16/19        0G    0.1002   0.02384         0    0.1241         4       640 0.0008333      0.25 0.0002251 2.251e-05   0.09617   0.02128         0
     17/19        0G    0.1037   0.02226         0     0.126         7       640 0.0008333      0.25 0.0002269  2.85e-05   0.09572   0.02119         0
     18/19        0G    0.1027   0.02395         0    0.1266         2       640 0.0008333      0.25 0.0002228 2.796e-05   0.09542   0.02108         0
     19/19        0G    0.1018   0.02281         0    0.1246        11       640 0.0008333      0.25 0.0002165 2.717e-05   0.09496     0.021         0
